    1.0000    2.1839    3.0859
    1.0000    0.1879    2.3395
    1.0000    3.7306    4.0171
    1.0000    2.9080    2.1549
    1.0000    3.1630    3.8642
    1.0000    1.1288    1.8341
    1.0000    0.6309    1.2212
    1.0000    2.9661    1.7243
    1.0000    3.2346    2.8773
    1.0000    0.4273    2.1415
    1.0000    3.8532    7.5816
    1.0000    1.6286    1.1092
    1.0000    1.9652    2.2987
    1.0000    2.4474    3.3042
    1.0000    2.5378    3.3176
    1.0000    3.1789    5.3556
    1.0000    3.0195    4.1989
    1.0000    2.5814    2.0677
    1.0000    0.9693    4.9231
    1.0000    1.6240    2.2196
    1.0000    2.5026    3.2882
    1.0000    1.7749    2.3015
    1.0000    0.0091    0.7165
    1.0000    0.8117    2.1574
    1.0000    2.2078    2.2774
    1.0000    0.8255    2.9912
    1.0000    4.8839    3.4778
    1.0000    1.1026    0.0033
    1.0000   -0.0347    2.1380
    1.0000    0.2635    5.7477
    1.0000    2.9794    3.2600
    1.0000    0.4103    1.0462
    1.0000    2.0429    3.3511
    1.0000    3.7324    5.0143
    1.0000    1.6571    1.2437
    1.0000    0.6117    1.9611
    1.0000    3.5033    3.2335
    1.0000    2.9119    2.8693
    1.0000    4.8668    5.3154
    1.0000   -0.6400    3.2466
    1.0000    2.8585    3.1200
    1.0000    1.2580    1.5430
    1.0000    1.5126    2.8305
    1.0000    2.1641    2.5451
    1.0000    2.5717    4.5525
    1.0000    5.4041    6.8926
    1.0000    0.0922   -0.6536
    1.0000    0.3163    2.7969
    1.0000    2.9333    4.0995
    1.0000    2.8376    5.8900
    1.0000    0.5406   -0.7497
    1.0000   -0.2801    0.9356
    1.0000    0.9621    0.7476
    1.0000    1.2322    1.7889
    1.0000    2.3199    2.6256
    1.0000    2.7723    4.8613
    1.0000    1.6493    2.0685
    1.0000    3.2079    4.7230
    1.0000    0.6524    4.9517
    1.0000    0.9642    4.5193
    1.0000    2.5220    3.2275
    1.0000    1.0671    3.0337
    1.0000    1.9025    5.1089
    1.0000    2.5893    1.9032
    1.0000    4.7295    3.6710
    1.0000    4.3491    3.9640
    1.0000   -0.6207    0.4814
    1.0000    0.3269    1.4967
    1.0000    2.4562    1.7747
    1.0000    2.2998    2.4548
    1.0000    0.6133    2.3710
    1.0000    2.0582    3.3873
    1.0000    2.0392    1.5178
    1.0000    1.9436    3.8971
    1.0000    0.8970    3.4936
    1.0000    1.0169    0.8979
    1.0000    2.1501    4.4619
    1.0000    2.1440    2.9333
    1.0000    2.0652    3.1498
    1.0000    2.0686    1.9580
    1.0000    0.6494    1.0972
    1.0000    2.3255    5.0392
    1.0000   -0.6903    2.9034
    1.0000    3.1212    0.9604
    1.0000    1.9684    1.4497
    1.0000    1.3672    2.3227
    1.0000    4.9690    6.3709
    1.0000    0.6770    3.5754
    1.0000    3.8324    5.0244
    1.0000    1.7149    2.3535
    1.0000   -0.6028    3.6830
    1.0000    0.4523    2.8425
    1.0000    1.2087    3.0938
    1.0000    2.2936    2.7687
    1.0000    1.5608    3.0128
    1.0000    3.1894    2.2718
    1.0000    2.9018    2.4753
    1.0000    2.0601    4.4962
    1.0000    2.5274    2.5916
    1.0000    1.0357    4.5415
    1.0000    4.5089    9.6199
    1.0000    4.8919    9.5985
    1.0000    3.0472    7.1740
    1.0000    5.0046    8.6330
    1.0000    4.9129    6.9788
    1.0000    5.0694    6.3756
    1.0000    5.5990    9.9751
    1.0000    2.7636    7.0600
    1.0000    2.8590    5.8557
    1.0000    3.9789    6.8569
    1.0000    5.4171    8.9701
    1.0000    3.3561    7.4613
    1.0000    3.8626    7.9883
    1.0000    5.1217    6.8467
    1.0000    2.3375    6.4156
    1.0000    5.9441    8.5009
    1.0000    4.0416    8.7450
    1.0000    1.7089    6.3725
    1.0000    3.4384    8.8879
    1.0000    3.9681    7.9721
    1.0000    4.0064    7.7401
    1.0000    3.1746    7.5882
    1.0000    4.8024    8.9093
    1.0000    4.5940   10.3639
    1.0000    3.4814    6.6945
    1.0000    4.7258    8.1027
    1.0000    6.3726    8.1314
    1.0000    3.2756    8.0328
    1.0000    4.7067    7.9834
    1.0000    4.9065    9.1528
    1.0000    4.6801    6.4832
    1.0000    5.2429    8.4162
    1.0000    2.4795    7.6123
    1.0000    3.3040    6.3164
    1.0000    2.0185    6.4527
    1.0000    7.0953   11.4299
    1.0000    4.3331    8.8835
    1.0000    5.8998    9.0035
    1.0000    3.3173    7.6949
    1.0000    4.2958    7.9774
    1.0000    1.6935    5.0918
    1.0000    3.0463    5.5942
    1.0000    3.2188    7.8433
    1.0000    4.7885    7.9965
    1.0000    3.9926    7.9788
    1.0000    4.4147    8.4028
    1.0000    3.5055    7.4587
    1.0000    3.6951    6.6752
    1.0000    3.9642    7.0016
    1.0000    4.7769    7.3416
    1.0000    4.6562    6.9309
    1.0000    4.4167    8.5487
    1.0000    3.7426    6.8183
    1.0000    3.8857    7.4379
    1.0000    2.1759    6.1918
    1.0000    3.0223    5.2542
    1.0000    1.6031    5.0883
    1.0000    3.6633    8.1059
    1.0000    2.8941    9.1990
    1.0000    2.9663    7.8534
    1.0000    2.3162    7.9834
    1.0000    7.0581   10.0573
    1.0000    3.2621    7.4571
    1.0000    2.3425    8.3528
    1.0000    5.1736    7.7587
    1.0000    3.6437    6.6966
    1.0000    4.7744    8.8519
    1.0000    3.6339    8.0357
    1.0000    3.5858    8.3320
    1.0000    3.1446    6.6866
    1.0000    2.6113    5.3793
    1.0000    2.8540    7.6321
    1.0000    2.5735    5.7813
    1.0000    1.9579    9.1555
    1.0000    6.1712    9.0210
    1.0000    5.8736    8.7985
    1.0000    2.3721    6.8473
    1.0000    5.2833   10.1075
    1.0000    4.1341    9.0815
    1.0000    4.7140    8.8939
    1.0000    4.5055    8.0690
    1.0000    3.8533    6.6907
    1.0000    5.4245    8.6965
    1.0000    3.3630    6.8482
    1.0000    3.4503    6.8691
    1.0000    2.4074    5.9903
    1.0000    5.1710    7.9857
    1.0000    6.0043    9.1220
    1.0000    5.7343    9.3208
    1.0000    3.9613    7.2513
    1.0000    5.7030    8.5148
    1.0000    5.2071    7.0046
    1.0000    4.6745    8.5554
    1.0000    2.6202    6.7119
    1.0000    1.7679    8.6655
    1.0000    3.5520   10.1589
    1.0000    4.4388    8.5346
    1.0000    5.1587    8.1746
    1.0000    3.8360    6.8994
    1.0000    5.6848    8.2938
    1.0000   -0.1094   -0.5973
    1.0000   -2.5831   -1.1363
    1.0000   -1.3716    1.4158
    1.0000   -0.3578    1.8488
    1.0000   -1.6820    1.5151
    1.0000   -0.2923   -0.5489
    1.0000    0.1481    1.3547
    1.0000   -1.3729    0.4219
    1.0000   -1.5756   -0.4042
    1.0000   -2.6626   -0.1873
    1.0000   -1.0748    0.6638
    1.0000    0.4509    0.2584
    1.0000   -0.5601    0.1810
    1.0000    0.2412    2.0207
    1.0000   -0.2376   -0.5334
    1.0000   -1.1643    2.2575
    1.0000   -2.5974   -0.6730
    1.0000   -3.5434   -1.6685
    1.0000   -1.9364    0.9110
    1.0000   -1.1441    0.6350
    1.0000   -1.8903   -0.0724
    1.0000   -0.6153    2.8692
    1.0000   -0.6576    1.1583
    1.0000   -0.8287   -0.5317
    1.0000   -2.8691    0.9582
    1.0000   -1.4003   -0.0380
    1.0000   -0.5031    4.5010
    1.0000    0.0744    2.7429
    1.0000   -0.4589    1.8499
    1.0000   -0.5949    4.3801
    1.0000   -0.3221    3.2943
    1.0000   -1.4065    1.3831
    1.0000   -1.3391   -0.3968
    1.0000   -0.2297    3.4323
    1.0000   -0.8975    1.2774
    1.0000   -0.8890    2.5366
    1.0000   -1.2113    1.2302
    1.0000   -0.6509    1.2530
    1.0000    0.2194    2.9678
    1.0000   -1.6154   -1.1745
    1.0000   -2.2057    0.5897
    1.0000   -1.5156    0.3039
    1.0000   -0.4430   -0.5970
    1.0000   -1.4840    0.1530
    1.0000   -1.0454    1.6451
    1.0000   -1.5271    0.2103
    1.0000   -3.9655   -2.6888
    1.0000   -1.6922    1.5499
    1.0000    0.6352    0.7135
    1.0000   -0.3601   -0.0852
    1.0000   -0.5699    0.8163
    1.0000   -2.4626   -0.9437
    1.0000    0.6551    2.0360
    1.0000   -0.5053    1.7155
    1.0000   -2.4178   -0.8034
    1.0000   -2.4229    0.8727
    1.0000   -2.4399   -0.0422
    1.0000    0.2461    0.9699
    1.0000   -1.2997    1.3905
    1.0000    0.4505    1.5416
    1.0000   -0.2456    3.5673
    1.0000   -1.0846    1.4795
    1.0000   -0.1718    4.2062
    1.0000   -1.4241   -0.0302
    1.0000   -2.0695   -1.1549
    1.0000    0.4942    3.9961
    1.0000   -0.2543    0.2279
    1.0000    0.9158    5.4745
    1.0000    0.6774    2.6318
    1.0000   -1.1463    0.3901
    1.0000   -0.8435    1.1321
    1.0000   -1.2557    1.8777
    1.0000   -0.2486    1.2601
    1.0000   -0.8901    0.3146
    1.0000   -0.7299    0.0897
    1.0000   -1.1554   -0.7096
    1.0000   -0.6716   -0.6713
    1.0000   -0.1270    3.3900
    1.0000   -1.1076    0.7183
    1.0000   -1.7002    2.2067
    1.0000   -2.1228   -1.1787
    1.0000   -1.4728    1.6900
    1.0000   -1.0968    4.1338
    1.0000   -0.5045    2.3868
    1.0000   -0.6921    0.3292
    1.0000    1.0277    2.4385
    1.0000   -2.3081    1.0631
    1.0000   -0.6526    1.0529
    1.0000   -2.4232   -0.5197
    1.0000    0.8696    2.3368
    1.0000   -2.0913   -0.7503
    1.0000   -1.9557    1.6215
    1.0000   -1.4779    1.4286
    1.0000   -2.4245    0.4637
    1.0000   -1.0047   -0.7205
    1.0000   -0.6060    0.5861
    1.0000   -0.3506    1.4252
    1.0000    0.1642   -0.2189
    1.0000   -2.9942    0.1936
    1.0000    0.6112    2.9930
    2.0000    0.7004    5.7924
    2.0000    0.3832    5.9325
    2.0000    0.8218    6.2343
    2.0000   -0.9537    3.1675
    2.0000    0.9153    6.1771
    2.0000   -0.0346    4.4006
    2.0000    1.4208    6.4906
    2.0000   -1.0663    5.9801
    2.0000    0.1144    6.6674
    2.0000   -0.0156    5.9780
    2.0000    0.5104    7.8036
    2.0000   -1.2059    4.0940
    2.0000   -0.6691    4.9945
    2.0000   -0.4595    6.2818
    2.0000   -2.4353    2.2469
    2.0000    1.3813    6.7731
    2.0000   -0.2153    5.6986
    2.0000    0.6524    7.9466
    2.0000   -0.3235    4.8583
    2.0000    0.9594    6.1152
    2.0000    1.5649    5.2762
    2.0000   -0.2088    6.2318
    2.0000   -2.1192    5.4785
    2.0000   -0.1214    4.7925
    2.0000    2.1737    6.1004
    2.0000    0.1835    6.0055
    2.0000    0.9504    5.4779
    2.0000    1.4584    7.6176
    2.0000    0.1451    4.7959
    2.0000   -1.1025    3.9486
    2.0000    0.2732    6.3643
    2.0000   -1.9062    4.4158
    2.0000   -0.1828    4.9849
    2.0000    1.8913    5.9414
    2.0000    0.5973    5.2382
    2.0000   -0.0879    5.1521
    2.0000   -1.0813    3.8835
    2.0000    0.6112    4.3511
    2.0000    0.0722    7.9387
    2.0000   -1.1118    7.1584
    2.0000    0.7482    6.6299
    2.0000    1.4760    6.2665
    2.0000    0.8891    5.7132
    2.0000    1.8423    6.2944
    2.0000    0.1545    5.8708
    2.0000   -0.9290    5.0978
    2.0000   -0.5010    6.3392
    2.0000   -2.1008    3.8091
    2.0000    2.7031    6.3537
    2.0000   -0.0170    5.7940
    2.0000    1.3312    6.7666
    2.0000    1.3700    5.1877
    2.0000    4.0226    9.2955
    2.0000    0.8610    5.8821
    2.0000    1.9465    6.9269
    2.0000    0.8259    5.3673
    2.0000   -1.1700    6.4918
    2.0000    0.6791    5.0385
    2.0000   -0.1819    5.2978
    2.0000   -0.7513    4.4522
    2.0000    0.1539    5.1794
    2.0000   -0.1662    4.8991
    2.0000   -0.6386    6.2183
    2.0000    1.8067    6.2666
    2.0000   -0.6242    4.6781
    2.0000   -0.8995    4.5759
    2.0000   -0.5345    6.3398
    2.0000   -0.5791    5.8811
    2.0000    0.5579    7.1443
    2.0000    0.9423    7.1623
    2.0000    0.6101    6.3095
    2.0000   -0.7372    6.8924
    2.0000    0.0179    5.0550
    2.0000   -0.9249    5.4082
    2.0000    0.0075    6.0797
    2.0000   -1.9836    3.5059
    2.0000    1.9964    6.8033
    2.0000   -3.6788    2.6768
    2.0000    3.1072    6.5049
    2.0000   -0.1409    3.4651
    2.0000    0.8278    4.3893
    2.0000    1.1284    5.4202
    2.0000    1.7369    6.4783
    2.0000   -2.0955    1.8641
    2.0000   -1.7415    4.3465
    2.0000   -0.5513    4.7155
    2.0000    1.6257    5.5648
    2.0000    1.0643    7.1451
    2.0000    1.4588    6.3853
    2.0000    1.2795    6.9846
    2.0000    3.4126    8.4086
    2.0000   -0.0912    4.3953
    2.0000    1.4435    6.7220
    2.0000   -0.6469    4.8976
    2.0000   -1.5267    5.2070
    2.0000   -1.4876    5.5893
    2.0000   -1.2546    4.5564
    2.0000   -0.2231    2.9269
    2.0000   -2.1916    3.6980
    2.0000   -0.2899    7.7099
    2.0000    3.5211   11.3146
    2.0000    1.3967    9.6416
    2.0000    0.9763    7.5306
    2.0000    1.3131    5.5986
    2.0000    0.4685    8.6598
    2.0000    1.9282    6.2365
    2.0000   -0.4679    7.5160
    2.0000    0.5319    6.7412
    2.0000    0.8479    9.9308
    2.0000    2.6813    9.7972
    2.0000    1.3928    8.2812
    2.0000   -0.0090    8.4818
    2.0000    2.4067   11.4251
    2.0000   -1.2586    5.9918
    2.0000    0.4526    7.4119
    2.0000    1.9979    9.8725
    2.0000    2.2471   10.2062
    2.0000    2.4151    9.1183
    2.0000   -0.3525    7.6596
    2.0000    1.3209    8.1249
    2.0000    0.1867    7.6056
    2.0000    2.7623   10.0259
    2.0000    1.4894    7.6082
    2.0000    1.2373    7.7447
    2.0000    0.4853    5.9902
    2.0000    0.6996    9.4932
    2.0000    0.9433    8.8980
    2.0000    0.9371    8.9470
    2.0000    1.9696    8.7506
    2.0000    0.4531    7.5603
    2.0000   -1.0122    6.5602
    2.0000    1.1966    8.6781
    2.0000    3.4184    9.4452
    2.0000    1.3176    6.4435
    2.0000    0.3778    8.3512
    2.0000    1.1128    8.3239
    2.0000    0.3153    9.0299
    2.0000    0.3395    9.0945
    2.0000    1.6101   10.0379
    2.0000   -1.0958    7.1767
    2.0000    3.6565    8.2242
    2.0000    0.9856    8.1079
    2.0000    0.0975    9.4071
    2.0000    1.8289    9.5961
    2.0000    0.5027    8.0612
    2.0000    0.7007    6.8702
    2.0000    0.5823    5.8707
    2.0000    1.0136    7.0245
    2.0000    0.5387    8.3556
    2.0000    1.5502    7.5551
    2.0000   -1.0835    7.3312
    2.0000    3.4064   10.1430
    2.0000    0.9141    8.7843
    2.0000    1.1210    8.4532
    2.0000    0.6740    6.7118
    2.0000    1.4928    8.5942
    2.0000    0.6853    7.2843
    2.0000   -1.0199    6.7013
    2.0000    0.4920    7.9922
    2.0000    2.0163    7.8442
    2.0000   -0.8396    6.4819
    2.0000    4.3838    9.1818
    2.0000    0.6007    5.5323
    2.0000    2.1389    5.2156
    2.0000   -0.3467    8.5176
    2.0000    0.8556    6.5916
    2.0000    1.6347    9.2615
    2.0000   -0.7625    8.9323
    2.0000    2.4694    6.7027
    2.0000    0.5895    8.8473
    2.0000    5.0944    8.6525
    2.0000    0.5029   10.1188
    2.0000    1.6333   10.6165
    2.0000   -1.9079    6.9012
    2.0000    0.8574    9.3925
    2.0000    3.2542    9.7329
    2.0000    1.6248    8.9736
    2.0000    0.6807    7.5225
    2.0000    2.5475    8.6883
    2.0000    1.0375    8.6974
    2.0000    1.8723    9.6258
    2.0000    0.0706    9.0214
    2.0000    1.9972    9.7449
    2.0000    2.4089    7.5002
    2.0000    1.0472    7.8549
    2.0000   -0.1214    7.0843
    2.0000    0.4195    6.5038
    2.0000    1.1585    7.2121
    2.0000    1.0787    6.9228
    2.0000    1.8924    9.1243
    2.0000   -0.3537    5.2825
    2.0000   -1.4225    4.4282
    2.0000    2.9869    9.7131
    2.0000    2.5131    7.4691
    2.0000    4.7336    9.2877
    2.0000    1.3529    6.2348
    2.0000    2.1080    8.6485
    2.0000    3.0629    8.3211
    2.0000    2.1181   10.0140
    2.0000   -0.0694    8.1524
